t,x3,dx3_dt,x1,x2
0.0,0.0,0.0,1.0,0.0
0.030612244897959183,0.0004590936041713836,0.029689343218696256,0.9698515631771323,0.029689343218696256
0.061224489795918366,0.0017994353530175835,0.057588509548058546,0.9406120550989238,0.057588509548058546
0.09183673469387754,0.003967485877005892,0.08377843772366048,0.9122540763993335,0.08377843772366048
0.12244897959183673,0.006911981625398569,0.1083370015589667,0.8847510168156346,0.1083370015589667
0.15306122448979592,0.010583372404427702,0.13133970963251693,0.8580769179630553,0.13133970963251693
0.18367346938775508,0.014935763502068251,0.15285729102122048,0.8322069454767113,0.15285729102122048
0.21428571428571427,0.019925365493199697,0.17295762883408755,0.8071170056727126,0.17295762883408755
0.24489795918367346,0.025510089489319827,0.19170626427410553,0.7827836462365746,0.19170626427410553
0.2755102040816326,0.0316495471385447,0.2091663966382385,0.7591840562232167,0.2091663966382385
0.30612244897959184,0.03830505062560872,0.2253988833174279,0.7362960660569633,0.2253988833174279
0.336734693877551,0.04543961267186454,0.24046223979659181,0.7140981475315434,0.24046223979659181
0.36734693877551017,0.05301794653528316,0.2544126396546256,0.692569413810091,0.2544126396546256
0.3979591836734694,0.061006466010453876,0.26730391456440156,0.6716896194251443,0.26730391456440156
0.42857142857142855,0.06937172926633584,0.2791895282200642,0.6514387425135999,0.2791895282200642
0.45918367346938777,0.07808287970334066,0.2901195149165185,0.6317976053801407,0.2901195149165185
0.4897959183673469,0.08711327148774883,0.3001384107591923,0.6127483177530588,0.3001384107591923
0.5204081632653061,0.09643715783653664,0.3092894348011968,0.5942734073622664,0.3092894348011968
0.5510204081632653,0.10602967361504163,0.31761451105197797,0.5763558153329803,0.31761451105197797
0.5816326530612245,0.11586683533696293,0.32515426847731643,0.5589788961857206,0.32515426847731643
0.6122448979591837,0.1259255411643609,0.3319480409993273,0.5421264178363118,0.3319480409993273
0.6428571428571428,0.13618357090765731,0.3380338674964605,0.525782561595882,0.3380338674964605
0.673469387755102,0.14661958602563546,0.34344849180350073,0.5099319221708636,0.34344849180350073
0.7040816326530612,0.15721312962543993,0.3482273627115672,0.49455950766299267,0.3482273627115672
0.7346938775510203,0.16794462646257663,0.35240463396811383,0.47965073956930937,0.35240463396811383
0.7653061224489796,0.17879538294091304,0.3560131642769292,0.46519145278215757,0.3560131642769292
0.7959183673469388,0.1897475871126779,0.3590845172981366,0.45116789558918524,0.3590845172981366
0.826530612244898,0.20078430867846137,0.36164896164819393,0.4375667296733444,0.36164896164819393
0.8571428571428571,0.2118894657263947,0.3637355156099215,0.42437501866368377,0.3637355156099215
0.8877551020408163,0.22304627093165522,0.36537410152911165,0.4115796275392331,0.36537410152911165
0.9183673469387755,0.23424192582141942,0.36658937084901433,0.3991687033295662,0.36658937084901433
0.9489795918367346,0.24546591067017803,0.3674028332446402,0.38713125608518173,0.3674028332446402
0.9795918367346939,0.25670801428606105,0.36783546563916997,0.375456520074769,0.36783546563916997
1.010204081632653,0.2679583340108374,0.36790771220395446,0.3641339537852081,0.36790771220395446
1.0408163265306123,0.27920727571991566,0.3676394843585148,0.35315323992156955,0.3676394843585148
1.0714285714285714,0.29044555382234283,0.36705016077054214,0.34250428540711503,0.36705016077054214
1.1020408163265305,0.3016641912608057,0.3661585873558978,0.3321772213832965,0.3661585873558978
1.1326530612244898,0.3128545195116301,0.3649830772786133,0.3221624032097566,0.3649830772786133
1.163265306122449,0.3240081785847807,0.3635414109508902,0.3124504104643291,0.3635414109508902
1.193877551020408,0.3351171170238616,0.3618508360331004,0.3030320469430379,0.3618508360331004
1.2244897959183674,0.34617359190611624,0.35992806743378575,0.29389834066009796,0.35992806743378575
1.2551020408163265,0.3571701688424267,0.3577892873096584,0.2850405438479148,0.3577892873096584
1.2857142857142856,0.36809972197731466,0.3554501450656006,0.27645013295708465,0.3554501450656006
1.316326530612245,0.378955433988941,0.35292575735466464,0.26811880865639426,0.35292575735466464
1.346938775510204,0.38973079608910527,0.35023070807807316,0.2600384958328215,0.35023070807807316
1.3775510204081631,0.40041960802324666,0.3473790483852188,0.25220134359153445,0.3473790483852188
1.4081632653061225,0.41101597807044343,0.34438429667366444,0.24459972525589205,0.34438429667366444
1.4387755102040816,0.42151432304341274,0.3412594385891431,0.23722623836744403,0.3412594385891431
1.4693877551020407,0.43190962702110114,0.33801681629036845,0.23007355668853047,0.33801681629036845
1.5,0.44219919587623374,0.33466581701627507,0.22313498710749124,0.33466581701627507
1.6,0.4750550531693105,0.32305563043472174,0.20188931639596774,0.32305563043472174
1.7714285714285716,0.5285611435103026,0.3013660062790215,0.17007285021067597,0.3013660062790215
1.942857142857143,0.5783073678780952,0.27840055178728285,0.14329208033462204,0.27840055178728285
2.1142857142857143,0.6241016338010991,0.25516409718000455,0.12073426901889642,0.25516409718000455
2.2857142857142856,0.6658572752522718,0.23244003640281863,0.10170268834490959,0.23244003640281863
2.4571428571428573,0.7037712387124702,0.21056321201422062,0.08566554927330927,0.21056321201422062
2.6285714285714286,0.7380747064483377,0.18975143814920048,0.0721738554024618,0.18975143814920048
2.8,0.7689634814893022,0.1702144679506472,0.06082205056005058,0.1702144679506472
2.9714285714285715,0.7966003130503422,0.1521514363981518,0.051248250551506024,0.1521514363981518
3.1428571428571432,0.8212227277621857,0.13561435544882164,0.043162916788992554,0.13561435544882164
3.3142857142857145,0.8431366434865925,0.12050914088864065,0.036354215624766914,0.12050914088864065
3.4857142857142858,0.8626042656530761,0.10676458046280254,0.03063115388412136,0.10676458046280254
3.657142857142857,0.8798510652594055,0.09433001671960248,0.02581891802099204,0.09433001671960248
3.8285714285714287,0.8950659978315298,0.08317507650537759,0.021758925663092538,0.08317507650537759
4.0,0.9084499938048366,0.07322478746221635,0.018325218732947072,0.07322478746221635
4.171428571428572,0.92021999716324,0.06434792390392821,0.015432078932831744,0.06434792390392821
4.342857142857143,0.9305587924692977,0.05644015162565196,0.013001055905050223,0.05644015162565196
4.514285714285714,0.9396271491241311,0.04941347348318951,0.010959377392679269,0.04941347348318951
4.685714285714286,0.9475638213674256,0.04319622939300571,0.009239949239568687,0.04319622939300571
4.857142857142858,0.9544912599182591,0.03772481719862157,0.00778392288311933,0.03772481719862157
5.0285714285714285,0.9605365836071585,0.032909209349157406,0.0065542070436840575,0.032909209349157406
5.2,0.9658065666263786,0.028673507622003443,0.005519925751617981,0.028673507622003443
5.371428571428572,0.9703958564258153,0.02495231291890674,0.004651830655278037,0.02495231291890674
5.542857142857143,0.9743884005630452,0.02168895771239325,0.0039226417245615455,0.02168895771239325
5.7142857142857135,0.977857446703326,0.01883550604576786,0.0033070472509062103,0.01883550604576786
5.885714285714286,0.9808691770717669,0.016345730956469608,0.0027850919717635455,0.016345730956469608
6.057142857142857,0.9834820794464182,0.01417298366830932,0.0023449368852725546,0.01417298366830932
6.2285714285714295,0.9857457662085765,0.012279091837470951,0.001975141953952632,0.012279091837470951
6.4,0.9877051401884261,0.010629915812796013,0.001664943998777867,0.010629915812796013
6.571428571428571,0.98940039697405,0.00919534507955461,0.001404257946395482,0.00919534507955461
6.742857142857144,0.9908670433794076,0.007949249907706058,0.001183706712886453,0.007949249907706058
6.914285714285715,0.9921359318089762,0.00686736026387525,0.0009967079271485828,0.00686736026387525
7.085714285714285,0.9932319281781452,0.005928948693295573,0.0008391231285592984,0.005928948693295573
7.257142857142858,0.9941770596364193,0.00511610704963108,0.0007068333139496836,0.00511610704963108
7.428571428571429,0.9949914293296259,0.004412633761216695,0.0005959369091574526,0.004412633761216695
7.6,0.9956932163999149,0.003804033831058166,0.0005027497690269425,0.003804033831058166
7.771428571428572,0.9962986715376947,0.0032775081197025475,0.0004238203426028308,0.0032775081197025475
7.942857142857143,0.9968212864617897,0.002821901507697308,0.00035681203051307847,0.002821901507697308
8.114285714285714,0.9972713143825312,0.0024283618492454626,0.0003003237682233652,0.0024283618492454626
8.285714285714286,0.9976580065383621,0.0020890644846981313,0.0002529289769398606,0.0020890644846981313
8.457142857142857,0.9979899133622722,0.001796830827199577,0.00021325581052838364,0.001796830827199577
8.628571428571428,0.9982748844817986,0.0015451283626871808,0.00017998715551439931,0.0015451283626871808
8.8,0.9985200687190257,0.0013280706498914607,0.00015186063108302083,0.0013280706498914607
8.971428571428572,0.9987315648150658,0.001140566611248678,0.00012786857368566617,0.001140566611248678
9.142857142857142,0.9989135150547379,0.000978909916891179,0.00010757502837103312,0.000978909916891179
9.314285714285715,0.999069516082662,0.0008399560555345333,9.052786180350417e-05,0.0008399560555345333
9.485714285714286,0.9992029590217715,0.0007207623916937758,7.627858653489843e-05,0.0007207623916937758
9.657142857142857,0.9993170275137694,0.0006185877462827929,6.438473994789905e-05,0.0006185877462827929
9.828571428571427,0.9994146977191297,0.00053089239661433,5.440988425605407e-05,0.00053089239661433
10.0,0.9994987375442647,0.0004553386240685323,4.592383166692886e-05,0.0004553386240685323
